8.38
13.48
7.94
15.57
11.52
13.52
7.71
18.01
19.34
5.80
14.21
16.12
18.27
14.58
6.36
4.24
8.00
8.22
19.15
9.93
8.88
6.88
18.23
14.36
9.25
19.90
15.86
6.96
15.07
14.18
7.81
11.11
6.18
14.71
14.49
17.53
14.56
15.46
15.39
4.58
13.66
9.13
8.36
18.89
11.03
6.64
17.06
16.77
8.64
5.77
4.05
8.51
14.14
15.07
9.74
14.47
10.46
15.32
15.68
9.80
9.18
5.77
16.09
7.23
12.21
13.46
15.02
5.59
16.86
19.40
9.15
17.01
9.66
4.42
4.89
4.20
17.48
8.72
5.45
16.61
11.44
4.82
14.21
16.42
12.52
12.23
14.32
14.21
12.03
4.73
5.87
5.55
19.84
19.25
5.81
5.02
8.46
13.51
19.62
16.40
12.32
9.85
12.44
16.89
17.93
13.83
10.45
6.99
4.07
12.87
15.24
9.71
14.51
17.06
10.75
9.40
14.01
4.86
14.98
18.04
5.26
6.15
16.28
15.68
15.50
18.48
16.63
16.27
7.65
7.49
19.63
16.46
10.36
8.19
7.71
6.82
17.73
7.74
19.16
10.37
14.72
8.31
13.16
14.58
5.90
18.22
6.01
13.97
16.24
13.14
8.06
10.66
10.22
15.32
19.01
17.13
17.12
12.84
18.94
16.72
11.03
16.84
16.45
12.74
14.46
4.57
13.87
11.43
17.88
4.51
16.47
4.80
8.68
13.30
15.56
18.16
18.75
15.30
18.05
19.62
13.44
16.76
19.26
18.17
5.61
4.70
12.31
6.73
6.51
19.20
7.73
7.09
9.13
10.12
6.41
12.81
17.83
11.25
13.26
7.26
